
 Parcels Collected: 
ID     |DIW  |W(kg)|W(m) |H(m) |L(m) |     AED|Collected By   

 Parcels in warehouse: 
ID     |DIW  |W(kg)|W(m) |H(m) |L(m) |     AED|Collected By   
D010   |59   |14   |184  |32   |83   |  231.84|               
P010   |5    |86   |48   |86   |180  | 1118.00|               
D011   |25   |157  |134  |79   |88   | 2119.50|               
P011   |8    |57   |163  |76   |164  |  758.10|               
D012   |28   |63   |106  |113  |176  |  867.51|               
P012   |17   |153  |36   |144  |113  | 2172.60|               
D013   |22   |3    |167  |57   |62   |   39.69|               
P013   |41   |37   |69   |113  |16   |  614.20|               
D014   |42   |41   |41   |158  |0    |  523.98|               
P014   |30   |165  |125  |148  |192  | 2557.50|               
P015   |1    |57   |91   |136  |163  |  718.20|               
P016   |13   |44   |165  |182  |179  |  607.20|               
P017   |5    |189  |117  |128  |141  | 2457.00|               
P018   |9    |128  |129  |107  |184  | 1715.20|               
P019   |13   |133  |162  |109  |7    | 1835.40|               
P020   |40   |112  |62   |3    |193  | 1848.00|               
P021   |6    |6    |19   |179  |130  |   78.60|               
P022   |34   |106  |103  |69   |164  | 1685.40|               
P023   |56   |200  |38   |120  |157  | 3620.00|               
P024   |6    |132  |131  |57   |64   | 1729.20|               
P025   |38   |148  |69   |46   |15   | 2412.40|               
P026   |33   |191  |24   |99   |35   | 3017.80|               
P027   |56   |122  |125  |97   |33   | 2208.20|               
P028   |6    |72   |61   |15   |140  |  943.20|               
P029   |1    |115  |61   |147  |100  | 1449.00|               
P030   |56   |38   |8    |32   |156  |  687.80|               
P031   |46   |198  |192  |156  |4    | 3385.80|               

Summary:
Total parcels collected: 0
Total parcels in warehouse: 27
Total fee collected: 0.00
